7
江阳路南校区	
江阳路北校区	
瘦西湖校区	
农学院校区	
工学院校区	
水利学院校区	
医学院校区
0	15	27	31	14	19	22
15	0	13	29	11	16	18
27	13	0	26	33	23	18
31	29	26	0	17	11	19
14	11	33	17	0	12	21
19	16	23	11	12	0	17
22	18	18	19	21	17	0
0	2
0	4
4	3
4	5
2	6
3	1
5	1
6	1
0	0